8.052501449505836129e-02 4.663598547921123799e-02 2.374146073799121917e-02 1.207563156248034619e-01
2.695982740637541952e-01 1.546410035641485603e-01 1.974569144879642635e-01 2.388245496165997406e-01
4.689354878581891012e-03 -1.322221545794879591e-02 -1.889044760053196215e-02 -2.104311679334695036e-03
-2.469474059193323828e-02 -1.157073177790391349e-03 1.586199007258991961e-02 -1.529161818192623784e-02
-2.227532223353630852e-02 -2.457302526057942183e-03 -2.122069589947291751e-02 -1.070060367949138107e-02
-1.069336165790832766e-01 -8.472798463372005484e-02 -1.034118048102100618e-01 -1.030591016538778965e-01
-8.970797257620087561e-02 -1.020976755516144474e-01 -1.041154670763182882e-01 -8.242927214829423588e-02
-1.162887216381673292e-02 -6.533879328083980371e-03 -1.009348826641663643e-02 -1.191716830688390426e-02
1.111695230472616730e-01 1.212782759928410781e-01 9.194585460201241955e-02 1.084418591776226543e-01
7.073243832742232007e-02 9.797372503515947018e-02 1.132673370519331896e-01 8.419766711730491959e-02
1.870475575000761850e-02 -6.202311033288226624e-03 5.258277687855947985e-03 1.380378457521231478e-02
3.430118579411214896e-02 4.409114606638733086e-02 5.089555610828828958e-02 4.073894032189195186e-02
-1.205732453815602095e-02 -5.402960376511789682e-03 -4.684252564503773447e-03 -1.351975217217306346e-02
-1.162286429356692088e-02 -3.022656304774782102e-02 -2.528242018021632787e-02 -2.677887580945425769e-02
-5.141344809567266472e-03 2.858946728025971509e-02 5.960315315907897815e-03 -8.155122887427149886e-03
5.119399801547516726e-02 5.700057034604896072e-02 4.708659784883157534e-02 5.898665655530104662e-02
-2.679208879181515374e-02 -2.510864185693378881e-02 -1.879971860596452507e-02 -1.703843053691388512e-02
-1.883914833832510188e-03 1.130761921520883131e-03 8.133218813677104211e-03 -6.724801396354769187e-03
-6.986071022826469135e-02 -5.838826245375577234e-02 -6.610762051892651869e-02 -4.792297658115311082e-02
3.771827953130129783e-04 1.303693575450511066e-02 1.242589335894670952e-02 1.267160114122328762e-02
-3.658181729458431786e-02 -3.814814069506184541e-02 -3.915190728344205423e-02 -4.704057711442553164e-02
4.154125230112117734e-02 -1.733029134674706796e-03 2.477638195419620479e-02 1.465469517281295375e-02
-5.473430937272821470e-03 6.995152992695793763e-03 2.343749623850484298e-03 1.018832387338482019e-02
-1.403143636168180343e-03 -7.575611190083328741e-03 -3.005495300899060397e-03 -1.366060803467877838e-03
1.191906721473587685e-02 5.513103886652260394e-03 9.706285856527689312e-03 -8.865974197097713574e-03
-2.659549358235374292e-02 -1.328737197146375761e-02 -1.483947038489022430e-02 -5.068849872548806916e-03
-1.213485347315292617e-01 -8.313099073786255067e-02 -8.060725279306657498e-02 -1.115145247819610830e-01
4.137793297742700660e-02 9.935536428387082772e-03 6.054267159396678477e-02 -1.169124729635236636e-02
3.744752362201369533e-01 3.207736400461228543e-01 3.266271980466082803e-01 3.419217561530296101e-01
3.308212556321667996e-01 5.422354638781453628e-01 4.878677506494248917e-01 4.201835929491727906e-01
2.985117848134188900e-01 3.532267553095435053e-01 3.429356516058808535e-01 2.813659798208593688e-01
-2.574264992204879920e-01 -2.281103093979673924e-01 -1.684164981384661808e-01 -2.378363591417866352e-01
8.138075442971838547e-02 1.455634825952139833e-01 1.047532461299018891e-01 7.335499015506602438e-02
-8.557399346588850106e-04 -9.892749711599461981e-02 -8.101178539191296324e-02 4.740132546972977007e-02
2.704540139984609737e-01 2.535685006801594032e-01 2.784686998798592272e-01 1.914232241468811768e-01
-5.818712131205473325e-04 -1.295715552511105028e-03 -4.080041909638226251e-03 -2.083269587111668316e-03
7.682629021214449315e-03 5.876188019345228398e-04 -1.197748080913367541e-02 3.100981320368918076e-03
3.469305499440359514e-02 -2.493360348988920912e-05 2.071042277309872483e-03 4.346678117297627514e-02
1.120324029674329459e-02 -1.263301802187064178e-02 7.195637418564025840e-03 8.869152144902347004e-03
